>MA0139.1	CTCF
A  [    87    167    281     56      8    744     40    107    851      5    333     54     12     56    104    372     82    117    402 ]
C  [   291    145     49    800    903     13    528    433     11      0      3     12      0      8    733     13    482    322    181 ]
G  [    76    414    449     21      0     65    334     48     32    903    566    504    890    775      5    507    307     73    266 ]
T  [   459    187    134     36      2     91     11    324     18      3      9    341      8     71     67     17     37    396     59 ]
>MA1929.1	CTCF
A  [   905    914    163    287   4559   1658    592   1133    720    775   2055   1473   1639   1959   1569    827   1483   1649    730    224   4283    433   1251   5212    210   2494    495    232    347   1034   2737    702   1161   2275 ]
C  [  3839    405    132   5468    627   1155    986    777   3973   3913   1851   1915   2308   1412   1431   2470   1392    791   5068   6321    357   3551   2748    244    114     86    254     76    381   4715    466   3322   2317   1712 ]
G  [  1235    319   6252    241    390   3322    571   1773    764    544   1141   2079   1441   1429   2192    942   2269   3152    518     79    935   2483    618    787   6387   4085   3487   6326   5406    246   3084   1980    807   2015 ]
T  [   787   5128    219    770   1190    631   4617   3083   1309   1534   1719   1299   1378   1966   1574   2527   1622   1174    450    142   1191    299   2149    523     55    101   2530    132    632    771    479    762   2481    764 ]
>MA1930.1	CTCF
A  [   293    242     41     86   1986    445    158    346    453    497    714    536    467    664    563    593    452    560    604    178     38   1906    127    348   2179     32   1140    169     62    119    335   1021    279    314    787 ]
C  [  1497    107     35   2129    127    366    278    324   1333   1129    794    855   1138    604    730    902    781    458    300   2074   2515     97   1409   1016     54      9     14     71     14    138   1833    164   1307    892    591 ]
G  [   400    144   2476     25    155   1456    179    892    328    419    623    770    561    376    541    494    393   1041   1242    155      9    275    961    175    212   2527   1399   1208   2472   2117     86   1161    740    265    659 ]
T  [   386   2083     24    336    308    309   1961   1014    462    531    445    415    410    932    742    587    950    517    430    169     14    298     79   1037    131      8     23   1128     28    202    322    230    250   1105    539 ]